0.782123771254287
0.635826802384349
-0.415515972064798
-0.473819300747671
-0.480844033205634
0.288058759178489
0.411610554962202
-0.00166784136038016
0.85975168615111
-0.170509375121943
0.0869204823688735
1.47302142792507
1.62648318394634
-0.161487964937067
-1.22571222917893
-0.123446608387056
1.78449527541878
-1.12922549459254
-1.04720410314974
0.891529166441451
1.89476108087644
0.656052427986865
1.141344766137
1.3008777944213
-0.306818291935922
-0.366115291565552
1.20329555436591
1.43835447407656
-0.87449209466187
-0.468357634497076
0.876076330216276
-1.37055541573944
2.13762650843567
-1.33542964984374
-1.47395005391041
0.104295082990099
0.0209861886762025
0.733216668526639
1.52241582404129
-0.0529601590541483
0.477561780062452
-0.118132710621372
-1.60477656056505
0.0575414468138072
2.15865761370575
1.36469683756249
0.875990506131958
1.06643467266122
0.449599112248696
-1.27255676067956
-0.543600986504878
-0.310009139564612
0.487806751894617
-0.24330963090671
-0.807594007828753
-1.04255224935877
-1.04001835585424
-0.715704946894844
-0.799742571877659
-1.72029272876525
-0.972337148088475
-1.50807274844617
-0.506459588169826
-0.441445204203048
-0.0146851666961604
-0.287072464088498
-1.50108855112234
-0.592760728421061
-0.90886516520651
-0.081059925915538
-0.159614141925226
0.617795686683668
-1.19447205262213
0.918595444684807
1.34230067332968
-2.67480738724616
1.37099704455967
0.8706924846361
-1.66875481368888
2.29815971900889
-0.414864427440537
-0.381022377338639
1.0754249358282
-1.93587564595384
-1.1598789065727
1.25736057397605
0.768873558642064
-1.4557807369207
-0.327670137942584
-0.204087711680032
-0.955258565729901
-0.727674264451516
0.183289502720891
-0.540820302566398
0.482234235631341
-0.0969827014218328
-0.244448740093306
0.667489802212841
1.03747385933888
1.17053613992043
1.32997343188751
-1.17345390423187
0.840195477478735
0.539368609476433
1.16519875109705
0.513318675982003
0.193125650374463
-0.744735239404545
-1.06176431731733
-0.230973605565709
-1.24049530293579
0.049661296998159
-0.468690142347032
1.03212803956959
0.909303740752418
-1.42277123035974
2.56858953266841
-0.923302877473503
-0.772934788939353
0.0595625324431505
-2.36377043864584
-1.76030594956215
-1.19775554508758
0.572707119749555
-0.800924817746843
0.650161195699415
-0.265019770117554
1.29664532294079
-0.650385966484026
1.20357009939811
-1.38181323753994
-0.988833104076773
-0.279636652757042
1.15911485998942
1.43976536945
-1.51522252762857
-0.200078301433258
1.28722432397378
2.85204330532848
-0.122878432458562
-0.379252053192824
-0.849542628669306
1.94594184357902
0.731597976839145
-0.143487162642956
0.287034163247311
-1.64853550519088
0.280451134395551
-0.933902469977262
1.88517970312775
0.19974857174067
0.0647230705504141
0.160745962655817
0.400263896488354
-0.321511384149379
1.35389454709181
0.462007049699013
-0.0482550247245272
-1.14022383895828
-0.0599947103151336
1.49349138833138
1.26567527488042
-1.52038067271405
-0.496340676114728
0.596622055368516
2.28241302109407
0.769733253367367
-0.402120206032562
-0.0420691777175337
-1.29658787920589
-0.291987657049183
0.56653637016022
-0.616054521237024
-0.552215547582932
-0.417867989556719
0.143548635584901
0.978651746142515
-0.621166363009964
-0.270294929430843
-0.329371809783297
0.0179285747697516
0.0845320547877541
1.37193251811707
-0.866615293374914
1.41431840978649
-0.613330183293777
0.591088234545088
-1.51872969950815
-0.00823595643872558
0.331774683617443
-1.92087803188283
1.10616216490171
1.82786546369587
-0.357586704010681
-1.25507344412284
0.586113558604262
-0.858716368798624
1.23313435745533
1.82872902856129
1.32950460585908
-1.29192611772444
1.38635336368373
0.202118700489278
0.700974810287015
-0.261841762114344
-0.860442683550651
-1.30584965164919
0.957420732475495
0.196861353507065
0.0418055805830807
1.17584834413798
-1.85072869603526
1.20448231468815
-0.198819510676474
-0.962214069411554
-0.547553632728304
0.50217929234814
0.109234582645093
1.26526169361481
0.243797193307026
0.715460512283454
-0.189974976956957
-0.827198484526506
1.73580666169513
-0.17538211938129
1.91938315652845
-0.246389340412567
1.02294078141498
-0.718832182995332
1.16205035281487
-1.0443721411507
-3.17361282697503
-0.662293451578247
0.778784791469014
-0.377168167733125
-1.08791972408689
-1.49342350440953
0.928486361290326
1.69472668179328
0.678984837804825
-0.112294420102915
0.275122125876718
0.751300442590107
-1.29241939681768
-0.94342101739777
0.638608666166728
1.96693622967873
-0.139777473835561
-0.653673137721599
-1.65441461266846
-1.00273428740793
1.63584895051899
1.14255075946964
2.45041042692283
-1.05185539331977
1.19378160330029
0.178491382401149
0.49698457716833
-1.48483245202769
-1.2359524590467
1.81472096920115
-0.357877239835905
0.814146208128553
0.98574989477442
0.178331815429155
1.39455398232273
-0.60504958925944
-1.77279540612095
-0.473595890188835
-0.190522050023129
-1.56935851317722
0.360489643459694
0.602916098053545
2.02178839842635
-0.0627806901702251
0.437927990222843
1.83082512335011
0.0789442754662563
0.759035619078405
-0.774958599073467
-0.402412167139731
0.0334997144346387
0.0421100409482879
-1.10975176178283
-1.86342139198231
1.29721973162162
0.863967897670416
0.152775229548059
0.439834960265632
0.127604447207472
0.0393102206828104
-0.121473115828308
0.380575381929967
0.507062462465865
-0.663101573274174
-1.11773215676275
-1.44719370325603
-0.322331979680956
-2.04257395907567
0.0709258816856768
0.854989243505529
-0.46116750222323
0.263463584808161
-0.589975576813094
0.605201105478599
0.0853151690956866
-0.866598989368013
0.996115292948068
-0.482243061981556
0.753168166961391
0.399028882005655
-0.57298564495021
-0.870783614935122
-1.21760383548952
0.610995468860308
0.924064871847076
0.906138884007014
-0.857096445389416
-1.40481728816024
-0.967019275041559
0.336270707414551
0.899661801872161
0.596907489386686
-0.948024790136509
0.237496375578924
0.170836083108531
0.239595226850114
0.583190753969428
1.54654528967646
-0.28952064522063
0.675653526338927
-0.954613109558428
-0.972292886696868
-0.136008313454633
-0.703300125231849
1.25648513473443
-0.0391220705840879
1.58918230444885
-1.93037916766313
0.537643006501231
-0.772207158780898
0.603655692255091
0.528245890748209
-1.2597570988035
-0.750361869213218
0.546650038867639
0.259239740912665
1.26965892624691
0.944193352354717
-1.79230986514097
0.429814522584044
1.08484802604198
-1.40295299641252
-0.543345167666384
1.56186340842382
0.964829993469445
0.655594044313045
2.15810726954576
0.00560836387588794
-0.493062867603502
1.52716050173261
0.167402914060241
0.5178613338935
1.92166158901466
-1.85856177475895
0.138705785175671
0.899648922127749
-0.793817437824902
0.288620608798462
1.59862910574167
0.845898457191511
0.826363680538421
-0.488490528842685
1.95827419221877
1.16834046654453
-0.687615813471827
-0.543891091864078
-0.822800581960839
1.45041949596063
-0.156082286484959
-1.41099453069541
0.317815661108995
0.586907023696614
-0.0868936382429656
-1.65819520769135
-1.19204469626047
0.143115517215598
-1.55903303569809
-0.346792935147448
-0.178910925429574
1.11018032493339
-1.13387678345501
-0.0220416450245206
-0.748548056892841
-0.506302015309259
1.01773100419441
0.622000507823797
-0.66514000063752
-0.444212789759765
-1.01373993668391
-1.34903634090095
0.634368504498726
-0.429575179622951
0.0992844525819081
0.181070280910595
-0.357385687020414
-0.849953890096747
0.0658287843851538
-1.79546797200774
0.570848828757209
0.835297990273131
-2.17318197322531
-0.913263535712836
0.347386134745368
-0.753149355765261
-0.873972848196255
-0.706220613872767
0.278621950834775
-0.419849483064048
-0.401654212176745
-0.756695355857637
-0.32480060576044
-0.333975415584909
-2.41800597731051
-0.362087887023453
0.154343482188731
0.636887724069492
-0.24085056587823
-0.488584933523189
-1.08910315728543
-0.887819584767866
0.416693073445071
-0.238022526906877
-0.315999471914797
-0.56968855192026
0.0757977229777479
-1.36296289405469
0.513848515839726
-0.957344404345899
0.555154907613901
-1.10916780138838
-1.72474798079625
0.0509549108123099
0.140794739154939
1.74894820807104
1.30878063443279
1.20970136313067
-1.81947521347705
-0.327402192839129
0.684445041399181
-0.145586832636117
0.0744997360252837
-0.989944508262539
0.550678140755915
-0.984587215629766
-0.385375770875483
0.85999670853332
-1.41763851705843
-0.824979148343588
2.02656054729903
0.461350786675483
1.54211275423929
-0.583644874624038
-0.198804095333876
-0.601738623965829
0.321193492091965
0.0344338218305582
-0.623703182253808
-1.55993633384456
-0.274751351728437
-0.227296396691507
1.25330687738647
-1.26892957017632
0.0579888727976976
1.13879576418124
0.247898655889314
-0.71026909106058
-0.16924921688005
-0.726115994712488
1.34470615201239
-1.3432587372716
0.544945173318238
0.795105647708149
0.630377815011483
-0.590386962449377
0.473397573008245
2.68518702912688
-0.0396199854102402
1.20758221469147
-1.47069483459464
0.696153840618993
-0.203099938539491
0.701237464419338
2.02372382016176
-0.764676215070206
-0.522270990679392
0.203033523525888
-0.335401442832832
0.0124464535936636
-0.272013868624834
-0.963114334405131
1.17001347175962
0.947234677715937
-0.936380176413423
0.62363144259081
0.66343544895607
0.569389123069612
-0.89981613390735
-1.94966821007677
0.028179143368167
0.365801384743271
-0.50616009443341
-0.337606969627952
1.75240675788907
-1.06062772490582
-0.889669121821166
0.92066076796589
0.21305519866753
-0.275477633913952
1.00332984022353
0.163146834617649
1.76807215024378
0.246279028989481
-0.214762625055972
-1.01804572123296
0.242290181772834
0.913958339311312
-0.2623148683706
-0.836711183275071
0.645113035162585
0.716441138887358
-2.21441400632543
-0.218343707509613
-1.01812915125509
0.00700088734538213
-0.699741087378819
0.349999295292528
-0.775526939484005
0.442483664080027
0.395084732480589
0.690298348427497
1.00481508397915
-2.09128438178262
0.925176710520954
-0.598977554284495
-0.309936456307913
1.3491976132636
-0.0567831660749236
2.24130348522131
-0.779460994940737
0.0242802957501924
-0.727737860126533
-0.67045809457978
1.00644707778405
0.0488130002446353
-0.127428441917289
2.56395034242077
0.692999629068253
-0.790242701047704
0.760766710205584
-0.155490437789647
0.317671625565119
-0.612854679078102
0.924227455186495
1.69944594239724
-0.512759031276299
-0.81613313867354
0.0483636039227924
-0.560367924062535
0.732246663869
0.487288888572992
-1.0208169060128
-0.171050662474871
1.57034794368657
-0.24564150439843
-0.419679303813391
0.513119779408916
1.27868477797638
0.673456404539817
-0.108551964226255
0.691359431710157
-0.976523901361059
0.110342017175126
-0.520272411030503
-1.68438206605221
-1.45159937669936
1.25411686357231
2.1720681576461
0.844148525329861
-0.953282483770703
-0.974803041627162
1.42338438855355
1.81707122484283
0.604537621101076
-1.26822705961336
0.054699597257141
-0.0497171409938679
0.625278734417214
0.771910672994239
-0.13067162556315
-1.68995035598597
-0.973279452106201
-0.142844583524594
-1.02829947627575
-1.20027391791388
-0.343379862772846
0.382516384957135
-0.758217335004792
-1.69468898322799
0.293520215150374
-0.0230517130639985
-0.530641144882632
-0.557901878062085
1.24459642676023
1.24628221195676
-0.0147967847702897
-0.224325461243518
0.776973642947634
-0.199141731230299
0.34423100721072
0.094150925432808
-0.695878171200112
0.0878723446319797
-0.275714316829886
1.39717243388064
1.18659462389074
0.648753433007878
-0.911041307661165
1.34222893750272
-1.62814452498391
2.05608824356025
1.60802654922706
-0.125300310304082
-1.10149029914758
-1.62477793288287
1.00353320249186
1.27011685067039
-0.591063678194706
-0.397664338536069
-0.402745126079281
-0.39547374743587
-0.253393858091424
-2.15922231647325
-0.135116133072068
-1.01430577259743
-2.33839699785923
-0.910942800344467
1.14351490501486
-0.153923589268177
0.539390280061709
0.0716384587230632
-0.14179248087505
1.80387407952534
-0.430980377003533
-0.995601413609242
-0.498270733521387
-0.439548656450356
-0.776813093772455
1.86233241823531
-0.517718870243482
-0.508427652833698
-1.15629641447061
0.816071278340141
-1.0765960748119
0.319863554888211
0.40297659983618
-1.36040999848617
-0.603432495143233
-0.459556318972046
1.30926072902538
-0.065332515447456
-0.181431266763821
-1.13456026266694
-0.129352681421144
0.320020342528714
-0.425136758228634
-0.390628033207504
-0.795966572062886
0.106628509327696
-2.0933214470337
0.00964472328615991
-0.49511240491838
-0.637763008519783
-0.25585317700585
-0.180161978664468
-0.486884260202897
-2.07161988112691
1.1758833280297
-1.0860698221255
-1.07531029285383
-0.791578963458684
-0.670937186541598
-1.32347563513937
-1.77825436439644
-0.885277906407887
0.0807491772460655
0.157114566056359
0.564359268914254
2.0036666270642
-0.661318746292242
0.174090639020416
-0.0571884429743105
0.621079361740274
-0.0706836656909478
0.796227628644754
-1.88410627948487
0.672400708310854
-0.793330134619306
-0.554267478067919
-0.688324710632952
1.15043961555542
-1.09016088896276
0.00335481142015821
-0.0445037312100706
1.47880171482651
-0.0173290176286823
1.07410221125109
1.12597129936488
0.484562125713978
-0.206026571716488
0.593291338606728
-0.287060966487063
0.390850101941046
-0.251885768032728
-0.0179254811611992
-1.40892203957585
1.08884484579861
1.34491722413864
0.568080779869482
0.870774541202944
0.509824155193908
-1.21002604359678
0.0059687852807183
1.18288175938447
-0.140518172524223
0.585440406909689
-2.20409917056808
-1.56119032707646
-0.426566094356112
0.221447540084103
0.303590946804801
-1.13239485877312
-0.372932815841338
-0.457188387593266
-0.201674853806142
0.423792713095258
1.40254821845271
1.22292487664053
1.49139829169432
-1.14757582898328
-1.12854257513233
2.35895167082159
0.991495760923867
-0.77076221586581
-2.04880563589562
-1.38043898290094
2.30600707308127
-1.40224892415494
-1.17523096220857
-1.12229055890609
-0.0787258072786265
0.859831162703767
-0.581976785331546
0.411749657401195
-0.759646950231608
-0.849368870286149
-0.416216634140798
0.944067968461677
-0.282920984500644
-0.316840193076305
0.0610101892277522
0.12498136046956
0.827836536850581
1.66500915077049
-2.19177727759038
0.478760032348609
-0.486628383438853
0.181881376672026
1.79892693707585
1.44088555858019
-0.917294950608406
0.137774141271766
0.511249864734234
-1.19130671565183
-0.191297728083808
-1.17305980001717
-0.433944070636075
-1.25927447883746
0.415794260520712
-1.29706774216919
-1.92216585597628
1.57027177818655
0.00546759332872313
1.05748233172952
0.36565334051449
0.934355325480598
-0.0590942008825109
1.04611565436073
0.367174301595474
-2.24505321439407
1.6040483888498
-1.29483127342928
-0.478015138507038
-1.50525159346879
-0.449568753705299
-0.639052193533815
-2.21070652041255
-0.262306973687649
1.96362271633788
-0.239649199601768
0.853267040734626
-0.659114844149192
0.838413392203091
-0.939292035042867
-1.1613837654548
0.585277059882907
0.200238870994633
-0.000494227308681763
2.15485781174903
-0.87627432382425
-0.535801633275272
-0.530585250360487
-1.47365103344237
-0.748795269314096
-0.489705743039652
0.763820150116629
0.87110223824732
-0.449608015791531
-0.731925302204508
0.516846520672855
-0.909137714049881
0.839191279713379
1.89998727669847
0.19529432324335
-0.716350431043376
-0.415851194980411
1.22165498079675
1.28125679457935
-0.501436429742065
0.0932060452453969
0.261370492189289
0.690815261767129
-1.57188720478856
-0.967546739201869
0.479490998299409
-0.307472715012936
1.02149977868198
-1.93766094450709
-0.230698306245092
-0.187731185359557
-1.13569812686551
0.99226454482918
0.787551884768014
-0.339903024242334
1.76624980363472
-0.00962905802478547
-0.269411886933574
1.18954763425633
0.0257262531580662
1.38006926859453
0.867175798741074
0.00713843685006327
0.748438611538568
1.49319609308249
0.950856251019082
1.33446882910285
1.26027478073154
-0.857731476104922
-0.097094564404022
0.189560475023502
1.16608379713758
1.47331944638685
0.931244571194005
-0.42641906296431
-0.485476558982313
1.57058630173519
-1.3856557749307
-1.15932410393133
-0.326594282975939
0.16986635839139
1.70163826973887
-1.34779897657992
0.906097532717955
1.38333114994503
0.993162841073767
1.90248363057606
-1.08088454616997
0.029300287256102
0.0332556500114378
-2.23382361026413
0.0661204293351246
0.96273193020859
-1.96058097913609
0.108438008732459
0.596977310033319
-0.208773195033423
0.387381567218685
-0.353517118840366
0.140111308464165
0.738347823901214
0.684001737352274
-1.38328771622018
-1.04782906133439
-0.0257815465469748
0.440215586141532
0.981093906475238
-0.215433685575592
1.68800071471393
2.33269015061533
0.56372293199714
0.82476160556072
2.02744514546392
-0.940582071991992
1.20499220430832
0.0224085024950355
-1.21719774804587
-1.01537641581486
-1.60618703188276
-0.240698031402674
-0.633555968227443
-1.4355823494728
-0.262250006639799
0.870610936004958
-0.667234767164214
-0.79887570911289
-0.870456460825381
0.572748778110758
-0.181392454857084
-1.37603721771339
-2.46728561577396
0.0110776944506492
-0.0113141792666756
-0.938550973802913
0.194704614515007
0.767450881341944
-0.167989114531497
-1.07201951426043
0.787042196414197
-0.737282790933512
-0.187507650916859
-1.15393999291652
-0.531332914272386
-1.01204362874862
0.317873305634888
-0.523795501937219
-0.665722740760581
0.587669307815241
-0.165737871448114
0.575891223137375
-0.0518719899577182
0.392812089160246
-0.738547212176019
-0.757206107419544
0.135343500379708
1.9695497194051
-0.274907939356856
-0.834393907533105
1.07106350538272
-2.05476499516838
-0.319984582540117
0.380586847956973
-0.203311768122957
-0.848542453832106
0.934604015822682
-0.238625667749216
1.03798554163818
0.475285275349807
1.07765228862187
-1.36121293761687
-0.241808734159033
1.45494182995809
0.584049453172928
1.32144023023788
0.192711977119371
0.0429645570465507
0.351757675596719
-1.01951135357286
-1.16245498301646
-1.5237966448898
0.335343835320572
-0.948125855447752
0.964584893636402
-0.785347613239532
1.28362651530527
0.377685418266777
1.2671957057295
-0.28036563229169
-1.29842372687252
0.0421441048212009
-1.35865517339962
0.763513191787526
-1.08429428978144
-0.363614243298572
0.590480310702434
0.595039410030336
0.538708023866494
-1.29680811943195
-0.497568572886045
0.0697031594795807
-0.798064316992552
